0 0.1015625 0.45703125 0.028125 0.04296875
0 0.16484375 0.46875 0.04609375 0.04609375
0 0.23828125 0.47109375 0.028125 0.02265625
0 0.27421875 0.4703125 0.0296875 0.0453125
0 0.3421875 0.4734375 0.059375 0.02578125
0 0.5234375 0.475 0.07421875 0.04765625
0 0.73203125 0.47578125 0.0203125 0.03359375
0 0.7890625 0.49296875 0.0875 0.0671875
0 0.8671875 0.4875 0.02890625 0.028125
0 0.90546875 0.49453125 0.01484375 0.028125
0 0.9703125 0.4890625 0.0125 0.03828125
0 0.94375 0.4828125 0.0125 0.03515625