0 0.88359375 0.4984375 0.01875 0.028125
0 0.86328125 0.49453125 0.01640625 0.0296875
0 0.84375 0.496875 0.0203125 0.02265625
0 0.7640625 0.4859375 0.0234375 0.03828125
0 0.69296875 0.4828125 0.01640625 0.028125
0 0.65703125 0.478125 0.028125 0.02578125
0 0.57578125 0.4765625 0.08828125 0.06484375
0 0.31875 0.45390625 0.06796875 0.04453125
0 0.7453125 0.4703125 0.00703125 0.04609375
0 0.940625 0.4859375 0.00625 0.02890625
0 0.06328125 0.43984375 0.0265625 0.02265625
0 0.0953125 0.440625 0.02734375 0.03125
0 0.15703125 0.446875 0.05625 0.02421875