0 0.87109375 0.59765625 0.025 0.03125
0 0.85234375 0.5890625 0.0234375 0.0328125
0 0.8328125 0.5859375 0.025 0.0265625
0 0.75859375 0.5546875 0.0328125 0.04375
0 0.690625 0.53359375 0.0234375 0.03125
0 0.65703125 0.51953125 0.034375 0.0328125
0 0.57890625 0.496875 0.1015625 0.0859375
0 0.33671875 0.40859375 0.0765625 0.0609375
0 0.74453125 0.53515625 0.01875 0.046875
0 0.92890625 0.60078125 0.0140625 0.0296875
0 0.09375 0.32890625 0.03125 0.028125
0 0.12421875 0.33828125 0.034375 0.0375
0 0.1828125 0.36015625 0.0609375 0.0375