0 0.11953125 0.4515625 0.021875 0.0296875
0 0.13984375 0.45 0.0203125 0.03125
0 0.159375 0.4546875 0.0234375 0.025
0 0.23984375 0.45390625 0.028125 0.040625
0 0.3109375 0.459375 0.0203125 0.0296875
0 0.346875 0.459375 0.03125 0.0296875
0 0.42734375 0.4671875 0.0953125 0.075
0 0.68515625 0.4765625 0.0734375 0.053125
0 0.26015625 0.440625 0.0125 0.046875
0 0.0640625 0.43203125 0.009375 0.0296875
0 0.940625 0.49375 0.0296875 0.025
0 0.90859375 0.490625 0.03125 0.034375
0 0.846875 0.4890625 0.059375 0.03125